13557.383751 	0.055740 
13563.516792 	0.053888 
13569.119507 	0.052835 
13575.113892 	0.052226 
13580.985775 	0.051359 
13586.733101 	0.049968 
13592.866564 	0.048320 
13598.671547 	0.046379 
13604.516002 	0.044125 
13610.660474 	0.041650 
13616.364733 	0.038599 
13622.367614 	0.035316 
13628.315565 	0.031952 
13633.995086 	0.028626 
13640.267252 	0.025929 
13646.291469 	0.023854 
13651.974574 	0.021882 
13658.168753 	0.019984 
13664.085318 	0.017823 
13670.057258 	0.015685 
13676.210132 	0.013553 
13681.765812 	0.011026 
13687.930642 	0.008696 
13694.053538 	0.006284 
13699.634706 	0.003796 
13705.812352 	0.001571 
13711.992903 	-0.000774 
13717.961469 	-0.002879 
13724.052935 	-0.004654 
13729.972421 	-0.006638 
13736.122063 	-0.008631 
13742.276084 	-0.010481 
13748.032769 	-0.012536 
13754.136982 	-0.014350 
13760.204905 	-0.016305 
13766.039970 	-0.018721 
13772.315162 	-0.021142 
13778.324031 	-0.023982 
13784.234120 	-0.026853 
13790.557732 	-0.029282 
13796.466933 	-0.031763 
13802.735300 	-0.034094 
13809.043793 	-0.036220 
13814.677386 	-0.038347 
13820.901817 	-0.040116 
13827.160498 	-0.041856 
13833.120650 	-0.043735 
13839.467098 	-0.045039 
13844.045019 	-0.045891 
13845.696391 	-0.046227 
13846.165413 	-0.046275 
13846.651219 	-0.046205 
13846.969525 	-0.046388 
13847.287846 	-0.046520 
13847.606181 	-0.046287 
13847.924531 	-0.046079 
13848.242896 	-0.046658 
13848.561276 	-0.046574 
13848.896429 	-0.046356 
13849.248356 	-0.046596 
13849.617062 	-0.046413 
13850.019309 	-0.046520 
13850.438341 	-0.046485 
13850.857399 	-0.046536 
13851.276483 	-0.046603 
13851.477652 	-0.046587 
13851.678828 	-0.046571 
13852.064430 	-0.046752 
13852.466820 	-0.046793 
13852.835699 	-0.046806 
13853.204598 	-0.046879 
13853.573516 	-0.046758 
13853.975996 	-0.046453 
13854.378499 	-0.046526 
13854.797798 	-0.046688 
13854.999070 	-0.046672 
13855.200349 	-0.046656 
13855.602923 	-0.046571 
13856.005522 	-0.046685 
13856.374591 	-0.046389 
13856.743680 	-0.046485 
13857.112789 	-0.046399 
13857.465139 	-0.046367 
13857.817507 	-0.046309 
13858.169893 	-0.046555 
13858.539079 	-0.046498 
13858.891502 	-0.046466 
13859.243944 	-0.046380 
13859.613187 	-0.046210 
13859.965666 	-0.046122 
13860.301376 	-0.045974 
13860.603530 	-0.046167 
13860.905696 	-0.045931 
13861.207877 	-0.045562 
13861.652777 	-0.045450 
13862.097707 	-0.045297 
13862.399939 	-0.045280 
13862.702185 	-0.045057 
13863.021237 	-0.044867 
13863.340304 	-0.044910 
13863.659385 	-0.044770 
13864.138036 	-0.044458 
13864.616719 	-0.044006 
13864.952657 	-0.043822 
13865.271814 	-0.043682 
13865.607784 	-0.043423 
13865.943771 	-0.043074 
13866.313375 	-0.042713 
13866.716603 	-0.042635 
13867.136657 	-0.041882 
13867.346693 	-0.041820 
13867.556736 	-0.041757 
13867.976842 	-0.041437 
13868.380167 	-0.041007 
13868.783516 	-0.040202 
13869.170081 	-0.040113 
13869.556668 	-0.039689 
13869.926467 	-0.039005 
13870.296286 	-0.038232 
13870.498014 	-0.037967 
13870.699748 	-0.037702 
13871.103233 	-0.036997 
13871.506742 	-0.036348 
13871.910275 	-0.035707 
13872.330647 	-0.034605 
13872.717411 	-0.033717 
13873.104198 	-0.032665 
13873.474188 	-0.031788 
13873.844199 	-0.030499 
13874.197409 	-0.029438 
13874.550637 	-0.028092 
13874.735669 	-0.027314 
13874.920705 	-0.026535 
13875.273971 	-0.025070 
13875.627254 	-0.023518 
13875.997381 	-0.022093 
13876.350701 	-0.020124 
13876.720867 	-0.018850 
13877.217256 	-0.016113 
13877.680024 	-0.013673 
13877.982943 	-0.011694 
13878.285876 	-0.009837 
13878.571992 	-0.008060 
13878.858120 	-0.006207 
13879.312582 	-0.003142 
13879.800742 	-0.000208 
13880.120589 	0.002009 
13880.440452 	0.004651 
13880.760329 	0.006608 
13881.080221 	0.009274 
13881.400129 	0.012019 
13881.720051 	0.014721 
13882.039988 	0.017565 
13882.359940 	0.021114 
13882.713588 	0.024286 
13883.100938 	0.027792 
13883.488310 	0.031223 
13883.892547 	0.034977 
13884.313653 	0.038722 
13884.734785 	0.042502 
13885.155942 	0.046871 
13885.349684 	0.048874 
13885.543430 	0.050880 
13885.930940 	0.054908 
13886.318471 	0.058990 
13886.672323 	0.063164 
13887.076748 	0.067231 
13887.464344 	0.071167 
13887.851962 	0.075331 
13888.256457 	0.079323 
13888.660975 	0.083400 
13888.871670 	0.085304 
13889.082373 	0.087212 
13889.486939 	0.090620 
13889.874671 	0.094212 
13890.228707 	0.097647 
13890.599620 	0.100801 
13890.953693 	0.104056 
13891.324646 	0.106951 
13891.678756 	0.110011 
13892.032884 	0.112414 
13892.387031 	0.114790 
13892.741195 	0.116955 
13893.112245 	0.118976 
13893.466447 	0.120325 
13893.803799 	0.121927 
13894.124299 	0.122831 
13894.444814 	0.123778 
13894.900308 	0.124390 
13895.338961 	0.124767 
13895.625787 	0.124694 
13895.912626 	0.124372 
13896.233224 	0.123898 
13896.553837 	0.123416 
13897.017909 	0.122105 
13897.498889 	0.120748 
13897.836440 	0.119805 
13898.157128 	0.119157 
13898.460951 	0.118224 
13898.781668 	0.117498 
13899.119281 	0.116480 
13899.456911 	0.116015 
13899.828323 	0.115438 
13900.216638 	0.114707 
13900.621861 	0.114567 
13901.027107 	0.114069 
13901.246625 	0.113903 
13901.466150 	0.113737 
13901.888334 	0.113450 
13902.293655 	0.113141 
13902.682110 	0.112554 
13903.070586 	0.112355 
13903.442193 	0.111965 
13903.830713 	0.111546 
13904.219254 	0.111059 
13904.607818 	0.110763 
13904.810555 	0.110499 
13905.013299 	0.110235 
13905.435700 	0.109433 
13905.858128 	0.108881 
13906.263682 	0.108143 
13906.635462 	0.107096 
13907.007261 	0.106420 
13907.379081 	0.105437 
13907.750920 	0.104387 
13908.105877 	0.103537 
13908.460852 	0.102296 
13908.815845 	0.101189 
13909.170857 	0.099833 
13909.542793 	0.098936 
13909.897842 	0.097522 
13910.269818 	0.095855 
13910.607995 	0.094751 
13910.946189 	0.093227 
13911.267489 	0.092169 
13911.571892 	0.090587 
13911.876308 	0.089148 
13912.290674 	0.087432 
13912.738894 	0.085549 
13913.060277 	0.084141 
13913.364759 	0.083049 
13913.669255 	0.081684 
13914.007599 	0.080624 
13914.329042 	0.079870 
13914.667418 	0.078456 
13915.141173 	0.077396 
13915.598040 	0.076191 
13915.936479 	0.075606 
13916.291858 	0.074772 
13916.664179 	0.074113 
13917.036521 	0.073322 
13917.425808 	0.073068 
13917.637387 	0.072698 
13917.848972 	0.072328 
13918.289090 	0.071748 
13918.712306 	0.071234 
13919.118619 	0.071099 
13919.508024 	0.070384 
13919.880519 	0.070089 
13920.083707 	0.069814 
13920.286901 	0.069540 
13920.676372 	0.069067 
13921.048931 	0.068825 
13921.438445 	0.068633 
13921.844918 	0.068495 
13922.268354 	0.067648 
13922.691815 	0.067884 
13923.098362 	0.067448 
13923.293174 	0.067234 
13923.487992 	0.067020 
13923.877645 	0.066944 
13924.250376 	0.066720 
13924.623128 	0.066494 
13924.978955 	0.066330 
13925.317855 	0.066007 
13925.673719 	0.065877 
13926.046547 	0.065855 
13926.419396 	0.065602 
13926.775316 	0.065762 
13927.148205 	0.065482 
13927.487211 	0.065713 
13927.826235 	0.065624 
13928.148323 	0.065638 
13928.614529 	0.065724 
13929.046858 	0.065684 
13929.335092 	0.065721 
13929.640294 	0.065942 
13929.945510 	0.065964 
13930.403359 	0.066046 
13930.895157 	0.066301 
13931.217388 	0.066480 
13931.539634 	0.066748 
13931.861895 	0.066877 
13932.184172 	0.066936 
13932.489500 	0.067574 
13932.828770 	0.067570 
13933.168056 	0.067762 
13933.524325 	0.067905 
13933.897578 	0.068358 
13934.287820 	0.068417 
13934.712020 	0.068737 
13935.153216 	0.068958 
13935.560499 	0.069032 
13935.772635 	0.069244 
13935.984777 	0.069456 
13936.759860 	0.070069 
13938.300101 	0.070962 
13940.317306 	0.072014 
13942.168628 	0.072942 
13944.135990 	0.073786 
13946.050657 	0.074529 
13947.903517 	0.075110 
13949.861744 	0.075861 
13951.760989 	0.076460 
13953.600070 	0.077157 
13955.557076 	0.077535 
13957.579332 	0.077914 
13959.425071 	0.078062 
13961.230422 	0.077840 
13963.137016 	0.076907 
13965.172610 	0.075336 
13966.969803 	0.073613 
13968.906726 	0.071837 
13970.939715 	0.069895 
13972.724190 	0.068113 
13974.550085 	0.066246 
13976.403776 	0.064357 
13978.376926 	0.062289 
13980.278331 	0.060285 
13982.157477 	0.058501 
13984.131130 	0.056751 
13986.058334 	0.055385 
13987.888607 	0.054250 
13989.858763 	0.053165 
13991.867121 	0.052016 
13993.708343 	0.050955 
13995.676732 	0.049967 
13997.551501 	0.048756 
13999.452469 	0.047605 
14001.266582 	0.046679 
14003.226838 	0.045752 
14005.252789 	0.045033 
14007.241608 	0.044274 
14009.241290 	0.043584 
14011.076839 	0.042831 
14013.201684 	0.042104 
14015.530924 	0.041272 
14018.160266 	0.040376 
14020.890112 	0.039833 
14023.489463 	0.039338 
14026.296530 	0.038776 
14028.876201 	0.038381 
14031.538225 	0.038035 
14034.224085 	0.037617 
14036.677549 	0.037459 
14039.337369 	0.037214 
14042.141001 	0.036980 
14044.837394 	0.036574 
14047.521898 	0.035978 
14050.036135 	0.035270 
14052.685044 	0.034348 
14055.438564 	0.033547 
14058.046348 	0.032555 
14060.683910 	0.031559 
14063.286459 	0.030289 
14065.990135 	0.028799 
14068.539166 	0.027313 
14071.181531 	0.025696 
14074.057385 	0.024355 
14076.683287 	0.022950 
14079.213649 	0.021484 
14081.920111 	0.019899 
14084.613450 	0.018109 
14087.250078 	0.016525 
14090.003664 	0.015294 
14092.629794 	0.014310 
14095.280895 	0.013289 
14098.079844 	0.012298 
14100.773154 	0.011102 
14103.330589 	0.010104 
14106.008845 	0.009052 
14108.699831 	0.008236 
14111.345439 	0.007263 
14114.093622 	0.006438 
14116.815514 	0.005293 
14119.683354 	0.004098 
14122.758094 	0.002811 
14126.220635 	0.001595 
14129.682951 	0.000326 
14133.067636 	-0.000974 
14136.535267 	-0.002506 
14139.889886 	-0.004055 
14143.323760 	-0.005350 
14146.790906 	-0.006675 
14150.238133 	-0.008117 
14153.602331 	-0.009624 
14156.907976 	-0.010926 
14160.296646 	-0.011836 
14163.792662 	-0.012799 
14167.300901 	-0.013665 
14170.731812 	-0.014811 
14174.004565 	-0.016067 
14177.508153 	-0.017259 
14180.997132 	-0.018399 
14184.344695 	-0.019704 
14187.853626 	-0.021296 
14191.279644 	-0.022847 
14194.729430 	-0.024251 
14198.028474 	-0.025586 
14201.445628 	-0.026880 
14205.044539 	-0.028532 
14208.474936 	-0.030258 
14211.849299 	-0.031794 
14215.176259 	-0.033145 
14218.637349 	-0.034657 
14222.125338 	-0.036193 
14225.541717 	-0.037979 
14228.962247 	-0.039535 
14232.497758 	-0.040740 
14236.166453 	-0.041908 
14239.527819 	-0.043006 
14242.800859 	-0.044163 
14246.344080 	-0.045320 
14249.886102 	-0.046308 
14253.385991 	-0.047411 
14256.985009 	-0.048632 
14260.806183 	-0.050183 
14265.036142 	-0.051774 
14269.218243 	-0.053258 
14273.390515 	-0.054672 
14277.516121 	-0.056216 
14281.476261 	-0.057730 
14285.612791 	-0.059147 
14289.910149 	-0.060611 
14294.073836 	-0.062226 
14298.085468 	-0.063956 
14302.494332 	-0.065573 
14306.670011 	-0.067019 
14310.850241 	-0.068593 
14314.859444 	-0.070317 
14319.045106 	-0.071662 
14323.255663 	-0.072894 
14327.406065 	-0.074239 
14331.523204 	-0.075724 
14335.589681 	-0.077183 
14339.786696 	-0.078359 
14344.096425 	-0.079786 
14348.407927 	-0.081436 
14352.517741 	-0.083067 
14356.855519 	-0.084588 
14361.054297 	-0.086098 
14365.189094 	-0.087880 
14369.215561 	-0.089839 
14373.524614 	-0.091582 
14377.753128 	-0.093258 
14382.078808 	-0.094931 
14386.158577 	-0.096759 
14390.419018 	-0.098406 
14394.668374 	-0.099831 
14398.768451 	-0.101257 
14403.044070 	-0.102939 
14407.259677 	-0.104586 
14411.697307 	-0.106038 
14415.884925 	-0.107433 
14420.141441 	-0.108826 
14424.423705 	-0.110435 
14429.132009 	-0.111829 
14433.965566 	-0.113284 
