6606.169784 1.322112
6612.646147 1.313230
6619.172758 1.303971
6625.638922 1.294590
6632.192479 1.285189
6638.685365 1.276091
6645.154381 1.267165
6651.711217 1.258144
6658.132155 1.249196
6664.715884 1.240185
6671.125661 1.231306
6677.661170 1.222283
6684.210114 1.213515
6690.621521 1.204960
6697.159317 1.196185
6703.634700 1.187621
6710.161199 1.179018
6716.624903 1.170239
6723.139801 1.161551
6729.667951 1.152826
6736.171097 1.144201
6742.649049 1.135575
6749.178507 1.126970
6755.682694 1.118592
6762.122812 1.110149
6768.653156 1.101705
6775.196715 1.093232
6781.637020 1.084957
6788.167977 1.076643
6794.634127 1.068328
6801.152248 1.060013
6807.644318 1.051816
6814.149366 1.043549
6820.628126 1.035346
6827.159167 1.027417
6833.663841 1.019523
6840.102409 1.011528
6846.632911 1.003512
6853.136767 0.995373
6859.653553 0.987293
6866.143454 0.979222
6872.646203 0.971199
6879.121825 0.963317
6885.690397 0.955428
6892.111404 0.947679
6898.625435 0.939894
6905.152343 0.932060
6911.651758 0.924262
6918.163966 0.916540
6924.648437 0.908914
6931.145616 0.901218
6937.655540 0.893510
6944.137440 0.885846
6950.631999 0.878261
6957.139253 0.870786
6963.618195 0.863271
6970.150871 0.855816
6976.613940 0.848229
6983.130818 0.840657
6989.660413 0.833176
6996.161316 0.825762
7002.633322 0.818392
7009.117833 0.811119
7015.656573 0.803828
7022.124514 0.796672
7028.646757 0.789519
7035.139717 0.782386
7041.645201 0.775392
7048.121152 0.768369
7054.651708 0.761561
7061.152640 0.754801
7062.166897 0.753797
7063.139179 0.752795
7064.154031 0.751712
7065.126884 0.750694
7066.142332 0.749633
7067.158084 0.748607
7068.131800 0.747646
7069.148148 0.746602
7070.164802 0.745578
7071.139381 0.744643
7072.156632 0.743682
7073.131784 0.742695
7074.149632 0.741717
7075.167786 0.740844
7076.143804 0.740077
7076.483354 0.739787
7076.822938 0.739400
7077.205011 0.739089
7077.544667 0.738774
7077.926821 0.738452
7078.224081 0.738172
7078.606312 0.737826
7078.946108 0.737544
7079.285939 0.737193
7079.668289 0.736846
7079.965702 0.736543
7080.348129 0.736200
7080.688099 0.735839
7081.028104 0.735505
7081.410650 0.735191
7081.750728 0.734892
7082.090839 0.734589
7082.430984 0.734356
7082.813688 0.734014
7083.153906 0.733757
7083.494158 0.733388
7083.834444 0.733125
7084.217306 0.732772
7084.515118 0.732482
7084.898057 0.732204
7085.238483 0.731891
7085.621504 0.731524
7085.919438 0.731217
7086.302535 0.730913
7086.643103 0.730559
7086.983704 0.730267
7087.366921 0.729941
7087.707595 0.729656
7088.048303 0.729362
7088.389045 0.729107
7088.729821 0.728901
7089.113235 0.728596
7089.411476 0.728350
7089.794966 0.728055
7090.178501 0.727834
7090.476835 0.727577
7090.860446 0.727307
7091.201470 0.727124
7091.542528 0.726879
7091.883620 0.726686
7092.267390 0.726470
7092.565907 0.726287
7092.949754 0.726039
7093.290987 0.725846
7093.674915 0.725664
7093.973556 0.725448
7094.357562 0.725285
7094.698936 0.725078
7095.040345 0.724908
7095.381788 0.724687
7095.765952 0.724473
7096.107468 0.724313
7096.406322 0.724135
7096.790602 0.724020
7097.174926 0.723860
7097.473874 0.723803
7097.858274 0.723696
7098.157282 0.723534
7098.541760 0.723405
7098.926281 0.723287
7099.268114 0.723135
7099.567246 0.723072
7099.951882 0.722936
7100.293818 0.722840
7100.635788 0.722746
7101.020546 0.722680
7101.319832 0.722671
7101.704666 0.722652
7102.046778 0.722668
7102.388924 0.722707
7102.773880 0.722761
7103.073319 0.722788
7103.458352 0.722861
7103.757852 0.723019
7104.142962 0.723152
7104.528116 0.723342
7104.870511 0.723545
7105.170135 0.723686
7105.555405 0.723955
7105.897903 0.724234
7106.240436 0.724538
7106.583003 0.724940
7106.925605 0.725387
7107.311073 0.725897
7107.653748 0.726488
7107.996457 0.727162
7108.339201 0.727989
7108.681979 0.728914
7109.067646 0.730049
7109.410497 0.731331
7109.710520 0.732916
7110.096303 0.735302
7110.439258 0.738415
7110.782247 0.742990
7111.125271 0.750307
7111.511214 0.761825
7111.854311 0.776050
7112.197442 0.792033
7112.540608 0.806420
7112.883808 0.819569
7113.269950 0.832394
7113.570313 0.842131
7113.913617 0.847396
7114.299875 0.845392
7114.686177 0.840273
7114.986665 0.836717
7115.330111 0.835403
7115.673592 0.836483
7116.060049 0.839344
7116.403604 0.842661
7116.747193 0.845915
7117.090816 0.848898
7117.477434 0.852156
7117.778167 0.856218
7118.164863 0.863345
7118.465656 0.872628
7118.852430 0.887361
7119.196265 0.906015
7119.540135 0.930433
7119.927030 0.963350
7120.227979 0.999864
7120.614952 1.054514
7120.958965 1.116327
7121.260005 1.191901
7121.647094 1.293076
7121.991211 1.398315
7122.378384 1.518321
7122.679548 1.622057
7123.066799 1.740131
7123.368024 1.833448
7123.755353 1.938112
7124.099682 2.028663
7124.444046 2.128625
7124.788444 2.234656
7125.132877 2.358653
7125.477345 2.491954
7125.864913 2.636664
7126.209454 2.768311
7126.554030 2.896284
7126.898641 3.017360
7127.243287 3.136138
7127.587967 3.254240
7127.932682 3.367780
7128.277432 3.474193
7128.665317 3.561094
7129.010140 3.618715
7129.354999 3.655609
7129.656778 3.677120
7130.044820 3.692403
7130.432905 3.707130
7130.734780 3.725953
7131.079812 3.757344
7131.424879 3.797707
7131.813121 3.843599
7132.158262 3.881999
7132.460289 3.910554
7132.848648 3.926645
7133.237052 3.923232
7133.539174 3.905593
7133.884489 3.871143
7134.229838 3.823499
7134.618399 3.770763
7134.920643 3.721496
7135.309281 3.668051
7135.654775 3.625553
7135.957110 3.588531
7136.345866 3.553606
7136.691464 3.525011
7137.037097 3.498224
7137.425976 3.468637
7137.728467 3.441075
7138.117425 3.405298
7138.419977 3.372337
7138.809013 3.331310
7139.154860 3.293871
7139.500741 3.256962
7139.803416 3.219012
7140.235855 3.177278
7140.538595 3.145409
7140.884616 3.111408
7141.273932 3.079262
7141.576763 3.053534
7141.966158 3.025647
7142.269050 3.004712
7142.658523 2.983667
7143.004758 2.968338
7143.351028 2.956251
7143.697334 2.947400
7144.043674 2.942037
7144.346750 2.939608
7144.779762 2.939758
7145.082904 2.941466
7145.429384 2.944462
7145.775899 2.947907
7146.165770 2.950635
7146.512359 2.951353
7146.815654 2.949645
7147.205643 2.944009
7147.552338 2.935676
7147.899067 2.924419
7148.245832 2.909930
7148.592631 2.893031
7148.939466 2.874777
7149.286336 2.854210
7149.633240 2.832926
7150.023550 2.811985
7150.370529 2.793381
7150.674165 2.776475
7151.021210 2.757127
7151.411678 2.739466
7151.758797 2.724161
7152.105952 2.709471
7152.409741 2.695313
7152.800366 2.679515
7153.147626 2.665398
7153.494921 2.651791
7153.842252 2.638264
7154.189617 2.624915
7154.537017 2.611296
7154.927885 2.596996
7155.231924 2.584734
7155.579430 2.570268
7155.970416 2.556030
7156.274547 2.543303
7156.665612 2.529283
7156.969805 2.518350
7157.360949 2.506560
7157.708670 2.497013
7158.012955 2.488530
7158.404218 2.480413
7158.752045 2.474414
7159.099907 2.469701
7159.447804 2.466061
7159.795737 2.463592
7160.143704 2.462266
7160.491707 2.461699
7160.839745 2.462069
7161.187819 2.463356
7161.535927 2.465371
7161.927592 2.468306
7162.232250 2.471461
7162.580464 2.475704
7162.928714 2.480362
7163.320537 2.485553
7163.625319 2.490317
7164.017221 2.496376
7164.322065 2.501646
7164.714047 2.507939
7165.062512 2.513376
7165.367449 2.519164
7165.759549 2.525693
7166.108121 2.531686
7166.413150 2.537791
7166.805370 2.545429
7167.154047 2.552588
7167.459169 2.560373
7167.895104 2.569990
7168.200292 2.578523
7168.505506 2.588481
7168.897965 2.601046
7169.246854 2.613035
7169.639397 2.626279
7169.901117 2.637991
7170.293735 2.653778
7170.642766 2.669557
7170.991832 2.685451
7171.340934 2.702728
7171.690071 2.720237
7172.039244 2.739003
7172.388452 2.757381
7172.737695 2.776648
7173.086974 2.796060
7173.436288 2.815760
7173.829309 2.835843
7174.135022 2.852053
7174.484443 2.869866
7174.877583 2.885228
7175.183390 2.897541
7175.532917 2.909755
7175.882479 2.920434
7176.275779 2.929546
7176.581710 2.936858
7176.931379 2.944318
7177.324798 2.951029
7177.630822 2.956219
7177.980597 2.961391
7178.374137 2.965910
7178.680254 2.969208
7179.030136 2.972350
7179.423795 2.974907
7179.730005 2.976517
7180.079993 2.977842
7180.430017 2.978678
7180.823836 2.978853
7181.130171 2.978713
7182.136891 2.975677
7183.143905 2.969636
7184.107411 2.961905
7185.158815 2.953623
7186.122884 2.945869
7187.174902 2.938710
7188.139535 2.932675
7189.104436 2.926918
7190.157364 2.920166
7191.166721 2.911763
7192.132468 2.901597
7193.142403 2.889431
7194.152632 2.876356
7195.119215 2.862859
7196.173977 2.849227
7197.097158 2.837042
7198.152524 2.823811
7199.164219 2.810832
7200.132204 2.797270
7201.144478 2.782338
7202.113018 2.767149
7203.169916 2.751987
7204.139022 2.738516
7205.152470 2.726816
7206.122131 2.717343
7207.180254 2.709681
7208.106377 2.703813
7209.165106 2.698344
7210.135893 2.693958
7211.151097 2.690185
7213.668320 2.685537
7216.143162 2.690099
7218.619773 2.702430
7221.098153 2.712931
7223.666914 2.714545
7226.104565 2.709705
7228.632665 2.697528
7231.118205 2.682311
7233.649957 2.674596
7236.139089 2.674707
7238.630004 2.676468
7241.078175 2.674581
7243.661750 2.663331
7246.113464 2.644975
7248.656154 2.628043
7251.111387 2.617531
7253.657727 2.612964
7256.161207 2.615507
7258.621731 2.625897
7261.128777 2.639107
7263.637624 2.649409
7266.148275 2.657688
7268.660732 2.660413
7271.130083 2.656781
7273.646124 2.654858
7276.163977 2.660254
7278.683643 2.667107
7281.115040 2.669557
7283.638274 2.667559
7286.163327 2.661121
7288.645062 2.651268
7291.128555 2.640371
7293.659011 2.629889
7296.146059 2.618558
7298.634871 2.605491
7301.170748 2.589308
7303.617794 2.570987
7306.157272 2.552053
7308.607795 2.534552
7311.150882 2.516831
7313.650349 2.498767
7316.151593 2.480958
7318.654616 2.466261
7321.159419 2.457715
7323.620415 2.455886
7326.128753 2.460395
7328.684532 2.469535
7331.105103 2.480590
7333.664493 2.492152
7336.134235 2.503198
7338.651491 2.513117
7341.170543 2.519961
7343.645543 2.522692
7346.122277 2.520705
7348.692577 2.513868
7351.126904 2.504112
7353.654864 2.494073
7356.184632 2.484810
7358.624120 2.475372
7361.157441 2.464355
7363.646466 2.453003
7366.183382 2.440887
7368.629766 2.428389
7371.124044 2.415878
7373.666316 2.405341
7376.164138 2.397673
7378.617414 2.391807
7381.165059 2.386263
7383.621792 2.380859
7386.126626 2.374870
7388.679660 2.368958
7391.141592 2.364135
7393.651729 2.361179
7396.163637 2.361208
7398.630752 2.363791
7401.146175 2.368053
7403.663374 2.372857
7406.135689 2.376972
7408.656415 2.379919
7411.132194 2.381159
7413.656453 2.380401
7416.182499 2.377688
7418.616676 2.373500
7421.193094 2.367422
7423.630688 2.359902
7426.163797 2.350587
7428.604783 2.340812
7431.188410 2.330405
7433.632827 2.319928
7436.173028 2.308924
7438.620851 2.297742
7441.164593 2.286610
7443.662985 2.276453
7446.163118 2.267695
7448.617775 2.260645
7451.168619 2.255019
7453.626702 2.250651
7456.181109 2.247790
7458.642627 2.246178
7461.153217 2.244969
7463.618143 2.243778
7466.179664 2.242262
7468.648038 2.240601
7471.165624 2.239121
7473.637422 2.238122
7476.158500 2.237285
7478.681344 2.236037
7481.158305 2.234091
7483.636969 2.231292
7486.165054 2.227689
7488.694911 2.223287
7491.130978 2.218502
7493.664319 2.213325
7496.151590 2.208070
7498.640574 2.202879
7501.131273 2.197914
7503.671637 2.192949
7506.165805 2.188023
7508.661694 2.182892
7511.159304 2.177634
7513.658639 2.172490
7516.159700 2.167608
7518.662488 2.163107
7521.167005 2.159074
7523.625040 2.155182
7526.181235 2.151249
7528.642671 2.147174
7531.105777 2.142990
7533.667248 2.138577
7536.133765 2.134529
7538.650370 2.130639
7541.120273 2.127029
7543.640334 2.123425
7546.162141 2.119941
7548.637151 2.116572
7551.162424 2.113025
7553.689450 2.109276
7556.120937 2.105402
7558.651405 2.101222
7561.134918 2.097114
7563.620123 2.093021
7566.155803 2.089060
7568.595618 2.085347
7571.183604 2.081597
7573.626783 2.077666
7576.169423 2.073336
7578.664886 2.068980
7581.162054 2.064754
7583.611914 2.060838
7586.161509 2.056782
7588.663801 2.052603
7591.167804 2.048391
7593.673520 2.044178
7596.131769 2.039808
7598.640884 2.035329
7601.151716 2.030814
7603.664269 2.026432
7606.129227 2.022241
7608.645192 2.018162
7611.162881 2.014449
7617.143136 2.007165
7623.182682 2.001380
7629.132906 1.994520
7635.142468 1.984468
7641.161845 1.972556
7647.141194 1.961187
7653.180194 1.950708
7659.129019 1.941742
7665.187654 1.932798
7671.155836 1.923676
7677.133651 1.915391
7683.171477 1.907766
7689.118269 1.899984
7695.125120 1.892776
7701.141695 1.886013
7707.117337 1.878646
7713.102587 1.870857
7719.148313 1.862040
7725.102003 1.853068
7731.167224 1.843956
7737.089036 1.835076
7743.173763 1.825948
7749.165889 1.816895
7755.116283 1.807790
7761.178979 1.798648
7767.096984 1.789493
7773.179087 1.780856
7779.116049 1.773070
7785.165899 1.765300
7791.121827 1.758024
7797.139104 1.750542
7803.114005 1.742939
7809.150465 1.735327
7815.144429 1.727809
7821.147917 1.720143
7827.160951 1.712187
7833.131142 1.704311
7839.163253 1.696434
7845.152399 1.688544
7851.151015 1.680525
7857.159122 1.672447
7863.123916 1.664394
7869.150990 1.656325
7875.134628 1.648536
7881.074603 1.641028
7887.183329 1.633429
7893.142112 1.626113
7899.110208 1.618918
7905.141050 1.611696
7911.127919 1.604298
7917.124166 1.596854
7923.183478 1.589515
7929.091134 1.582174
7935.169394 1.574601
7941.095538 1.567409
7947.138833 1.560234
7953.137552 1.553183
7959.145633 1.546032
7965.108844 1.538887
7971.135629 1.531698
7977.117419 1.524426
7983.108487 1.517024
7989.163447 1.509561
7995.173223 1.502226
8001.082820 1.494888
8007.165979 1.487532
8013.148833 1.480425
8019.140925 1.473543
8025.142276 1.466763
8031.152907 1.460040
8037.172839 1.453200
8043.091382 1.446492
8049.129810 1.439538
8055.177603 1.432694
8061.123557 1.426089
8067.134275 1.419396
8073.154251 1.412664
8079.127636 1.405955
8085.110149 1.399279
8091.157851 1.392491
8097.158768 1.385753
8103.168877 1.379157
8109.131899 1.372481
8115.160365 1.365554
8121.141614 1.358763
8127.131966 1.351778
8133.131439 1.344904
8139.140056 1.338048
8145.157836 1.331263
8151.127900 1.324447
8157.106995 1.317786
8163.152217 1.311197
8169.092365 1.304473
8175.098679 1.297907
8181.171441 1.291324
8187.081249 1.285023
8193.114879 1.278476
8199.157685 1.271967
8205.094324 1.265525
8211.155366 1.258958
