7076.143804 -0.367971
7076.483354 -0.368267
7076.780488 -0.368434
7077.205011 -0.368703
7077.587126 -0.369019
7077.926821 -0.369224
7078.224081 -0.369398
7078.563840 -0.369549
7078.903632 -0.369760
7079.328420 -0.370241
7079.668289 -0.370426
7079.965702 -0.370825
7080.348129 -0.371069
7080.688099 -0.371318
7080.985602 -0.371623
7081.368143 -0.371721
7081.793240 -0.371921
7082.133355 -0.371996
7082.430984 -0.372405
7082.813688 -0.372636
7083.068849 -0.372775
7083.536692 -0.373367
7083.834444 -0.373797
7084.217306 -0.373827
7084.557664 -0.374065
7084.898057 -0.374313
7085.195928 -0.374424
7085.536384 -0.374650
7086.004567 -0.375174
7086.345104 -0.375339
7086.643103 -0.375470
7086.941127 -0.375489
7087.324339 -0.375986
7087.750181 -0.376142
7088.048303 -0.376323
7088.389045 -0.376461
7088.729821 -0.376609
7089.113235 -0.376785
7089.411476 -0.377119
7089.709742 -0.377419
7090.178501 -0.377599
7090.562078 -0.377668
7090.860446 -0.377994
7091.158840 -0.378240
7091.499893 -0.378517
7091.926259 -0.378421
7092.267390 -0.378638
7092.565907 -0.378840
7092.949754 -0.379073
7093.290987 -0.379160
7093.589594 -0.379408
7094.016221 -0.379579
7094.357562 -0.379628
7094.698936 -0.379637
7095.040345 -0.379817
7095.424471 -0.379995
7095.723265 -0.380152
7096.064777 -0.380279
7096.491714 -0.380370
7096.790602 -0.380471
7097.132221 -0.380332
7097.473874 -0.380350
7097.858274 -0.380486
7098.157282 -0.380444
7098.541760 -0.380620
7098.883554 -0.380590
7099.310845 -0.380499
7099.567246 -0.380682
7099.951882 -0.380581
7100.293818 -0.380385
7100.635788 -0.380148
7101.020546 -0.380085
7101.319832 -0.380038
7101.704666 -0.379901
7102.046778 -0.379683
7102.303384 -0.379379
7102.773880 -0.379046
7103.116099 -0.378864
7103.458352 -0.378558
7103.800640 -0.378105
7104.142962 -0.377599
7104.485319 -0.377051
7104.870511 -0.376615
7105.170135 -0.375855
7105.555405 -0.374975
7105.897903 -0.373900
7106.240436 -0.372721
7106.540181 -0.371439
7106.925605 -0.369287
7107.353906 -0.366890
7107.653748 -0.364742
7108.039298 -0.361730
7108.296356 -0.358306
7108.681979 -0.352223
7109.067646 -0.344139
7109.410497 -0.333747
7109.753383 -0.318051
7110.096303 -0.293325
7110.439258 -0.257723
7110.739371 -0.210111
7111.082391 -0.150232
7111.554099 -0.093735
7111.854311 -0.061541
7112.240336 -0.029043
7112.540608 -0.004167
7112.883808 0.021541
7113.227043 0.045085
7113.613224 0.067087
7113.956532 0.084425
7114.299875 0.098424
7114.643253 0.109645
7114.986665 0.117658
7115.287178 0.123458
7115.716530 0.129532
7116.060049 0.136094
7116.403604 0.145922
7116.747193 0.161206
7117.090816 0.183092
7117.434475 0.212078
7117.778167 0.245888
7118.207832 0.283854
7118.508629 0.314803
7118.809453 0.351823
7119.153284 0.395539
7119.540135 0.442484
7119.884040 0.485182
7120.270974 0.527190
7120.614952 0.563217
7120.958965 0.598188
7121.260005 0.630025
7121.647094 0.663003
7121.991211 0.689741
7122.378384 0.714845
7122.636523 0.734426
7123.066799 0.758589
7123.368024 0.776128
7123.755353 0.795542
7124.013597 0.811553
7124.487094 0.831184
7124.831496 0.844483
7125.175934 0.857824
7125.477345 0.872232
7125.821847 0.888975
7126.209454 0.906466
7126.554030 0.923341
7126.898641 0.941438
7127.243287 0.962130
7127.587967 0.984178
7127.889591 1.008327
7128.277432 1.037154
7128.665317 1.062608
7129.010140 1.084469
7129.354999 1.104747
7129.743006 1.122299
7130.001702 1.133713
7130.389783 1.142304
7130.777907 1.142675
7131.079812 1.137346
7131.424879 1.125609
7131.813121 1.107872
7132.115118 1.089096
7132.460289 1.066054
7132.805495 1.043292
7133.237052 1.020747
7133.582336 1.004241
7133.884489 0.989055
7134.273010 0.973896
7134.532048 0.962002
7134.963822 0.950137
7135.309281 0.942580
7135.654775 0.936924
7136.000303 0.933344
7136.345866 0.931646
7136.648262 0.931733
7137.037097 0.933982
7137.382765 0.937822
7137.771683 0.943149
7138.117425 0.948686
7138.419977 0.955003
7138.809013 0.962355
7139.154860 0.968915
7139.457504 0.974986
7139.889900 0.980957
7140.192609 0.984837
7140.538595 0.988157
7140.841362 0.990276
7141.187414 0.991035
7141.663292 0.990073
7141.966158 0.988742
7142.269050 0.986750
7142.701801 0.983898
7142.961477 0.981513
7143.307743 0.978858
7143.697334 0.976948
7144.086969 0.976098
7144.390049 0.976237
7144.736459 0.977518
7145.082904 0.979931
7145.386072 0.984014
7145.819216 0.990281
7146.165770 0.996258
7146.512359 1.003131
7146.858984 1.010768
7147.162309 1.018819
7147.552338 1.028619
7147.899067 1.036667
7148.289180 1.044545
7148.549280 1.050774
7148.939466 1.058109
7149.286336 1.063653
7149.633240 1.068317
7149.936811 1.072220
7150.370529 1.076043
7150.760923 1.078812
7151.064593 1.081003
7151.411678 1.083269
7151.715405 1.085516
7152.062555 1.087642
7152.496543 1.089353
7152.800366 1.090297
7153.104217 1.090925
7153.494921 1.090782
7153.842252 1.090096
7154.146194 1.088842
7154.537017 1.086905
7154.927885 1.084730
7155.275360 1.082919
7155.579430 1.080771
7155.970416 1.078513
7156.274547 1.076503
7156.622158 1.074502
7157.013263 1.072886
7157.360949 1.071720
7157.665203 1.070713
7158.056427 1.069933
7158.317267 1.069595
7158.708565 1.069062
7159.186878 1.068719
7159.447804 1.068435
7159.795737 1.068068
7160.143704 1.067537
7160.491707 1.066977
7160.796239 1.065977
7161.231330 1.064485
7161.579443 1.063131
7161.884071 1.061658
7162.232250 1.059745
7162.536936 1.057762
7162.928714 1.055335
7163.320537 1.053203
7163.712404 1.051327
7163.973674 1.049636
7164.322065 1.047659
7164.670491 1.045696
7165.062512 1.044112
7165.411013 1.042641
7165.759549 1.041290
7166.108121 1.040238
7166.456728 1.039197
7166.761788 1.038225
7167.110461 1.037034
7167.502760 1.035723
7167.851508 1.034559
7168.243892 1.033412
7168.549111 1.032405
7168.897965 1.030862
7169.203241 1.029316
7169.595779 1.027309
7169.944739 1.025231
7170.293735 1.022973
7170.642766 1.020196
7171.035468 1.017191
7171.297294 1.014136
7171.646427 1.009859
7172.082893 1.005402
7172.432105 1.001682
7172.781353 0.997910
7173.086974 0.993863
7173.392622 0.989193
7173.785637 0.983814
7174.178698 0.978669
7174.528123 0.974173
7174.833899 0.969554
7175.183390 0.964130
7175.532917 0.958708
7175.882479 0.953406
7176.188375 0.948170
7176.669124 0.942420
7176.975090 0.938904
7177.281083 0.935135
7177.674542 0.931103
7177.936874 0.927905
7178.330408 0.924219
7178.723987 0.921749
7179.030136 0.920002
7179.423795 0.918518
7179.730005 0.917626
7180.079993 0.917128
7180.386262 0.917099
7180.823836 0.917610
7181.173935 0.918339
